2105
1325
2943
987
1819
2726
2720
2124
2572
1876
1009
1853
648
3062
1772
1246
165
582
119
11
1572
1417
331
1341
770
510
658
299
1806
1152
477
2575
3146
2938
2037
2063
409
788
600
11
504
1258
392
1752
2278
3261
2661
1995
1133
2994
1706
2686
436
2499
2867
2329
1420
2109
1158
2009
1795
1411
791
802
2598
1852
2390
96
3006
1493
2680
2827
2914
1988
1513
841
3166
2335
1791
1290
3118
802
2684
164
2105
3048
2767
33
225
135
626
98
971
436
2807
213
233
1795
1181
266
1614
1032
1512
988
858
2736
2483
1493
2965
2479
2494
1173
461
2762
25
2602
1618
2898
1928
2475
1894
92
3046
3195
2241
1772
2475
2852
1234
1432
575
2061
3115
2
864
2718
1706
603
488
1156
1411
3268
567
2701
2935
2102
147
2077
1050
1622
2274
3047
1432
2746
1258
222
2905
1526
3199
266
79
1788
632
1988
2726
1099
2471
869
1350
352
2274
1290
1143
351
2775
280
712
932
457
1299
3046
2552
913
1520
3079
155
2092
1403
2499
3079
1417
988
2963
650
2272
39
227
1668
752
242
2775
819
1534
2317
2187
525
1325
2943
2593
1841
1177
2109
864
856
1969
2019
3023
1156
281
2953
2413
642
1753
2965
773
1102
1420
1081
96
2123
82
1608
2248
218
1875
2001
2105
0
686
1171
871
2061
2210
39
2442
1116
2413
98
1774
1365
3220
273
2436
2808
2271
266
