14
2433
3283
3254
2462
2965
2551
1804
1081
1917
897
611
516
240
3178
2807
1464
2037
158
1091
1214
466
2088
949
871
1950
1757
15
1783
735
662
2959
1169
1009
1991
662
126
609
2767
1971
2794
2340
3252
1440
1451
3085
1449
6
2511
1730
2945
3277
856
1551
365
2361
1360
1991
2129
3115
2988
572
543
2761
262
272
1195
658
3060
3040
1022
1298
2086
779
2054
897
139
51
799
650
1313
696
1466
898
932
875
1766
1361
2059
2917
1500
837
2834
1394
1812
741
1344
86
254
1179
149
566
873
955
2201
1510
1809
80
815
1074
532
475
1288
3008
585
482
906
2302
576
2905
2016
3177
3061
810
2755
26
2975
2346
128
496
2405
2742
1817
1016
1045
2399
2409
2612
2077
788
320
478
1737
2982
2715
599
2128
1424
3130
2709
756
3034
306
3099
2698
1731
3319
1416
622
1413
396
3057
3135
2595
2838
1585
1671
1246
1975
1167
1216
641
1493
2756
2179
634
2996
2794
1224
3017
2079
2930
1602
868
42
1486
3131
2811
1809
1421
140
1900
2396
93
2376
3009
169
463
1783
1106
589
1392
2789
2692
1994
2272
2249
1575
1839
876
2950
1507
668
41
3320
2931
2610
2941
2418
3056
1376
499
413
3126
2630
1870
2295
2854
1421
1350
1996
1872
2852
17
971
371
3095
3228
2045
3288
455
1523
429
2457
2767
133
300
3203
2243
2922
748
859
78
1900
134
1911
