0
0
0
3328
3328
3328
3328
2
3328
3328
3328
3328
3328
1
3327
0
1
0
0
0
1
3327
0
0
0
0
0
3328
3328
1
3328
0
1
0
0
3328
1
0
3328
1
0
0
0
0
2
1
3327
1
1
0
0
2
0
1
1
3328
0
0
3328
3328
0
1
0
3327
3327
1
1
0
0
1
1
0
0
0
1
0
2
0
3328
3328
0
0
3328
0
3328
1
3328
0
1
0
1
1
3328
1
3328
0
3327
1
0
0
3328
0
3327
0
1
1
0
1
1
3328
3327
0
1
0
3327
0
0
0
1
0
3328
0
0
0
0
0
3327
1
2
3328
1
2
1
0
3328
0
3328
0
0
0
0
1
0
3328
3328
1
0
0
1
3328
0
1
3327
1
3328
3328
0
1
0
1
2
0
3328
0
0
1
3327
0
1
2
0
1
3328
0
0
3327
0
2
3327
0
0
1
0
2
3328
0
0
1
3328
1
3328
0
3328
1
3328
0
1
1
0
3328
1
1
1
1
0
3328
1
0
1
1
1
3328
3328
0
0
1
2
0
3328
3328
3327
1
2
0
3328
0
2
1
0
0
1
0
3328
0
3328
0
2
3328
3328
1
3328
3328
0
0
0
0
0
0
0
3328
0
0
1
0
3328
0
