761
768
1354
1559
181
1833
1042
1502
2117
2121
2428
1412
2891
2166
2006
1389
1026
3106
3314
2937
1092
2766
166
979
1818
3178
1949
2935
627
2619
2396
23
528
304
2334
382
647
2627
495
1289
1029
1788
2018
291
924
1941
1649
2164
2998
29
3117
2182
499
885
2963
1236
1300
1274
3160
958
1734
968
765
3051
3258
1868
1009
997
633
2712
2060
1339
1493
1117
954
629
3194
2510
2144
1310
1585
2432
2744
1423
149
1602
1648
2207
2635
2538
200
109
1879
661
870
2643
1690
2780
1799
2331
1595
718
773
2194
1916
1905
3222
772
1904
60
2195
2692
2314
142
330
1182
1428
1315
2307
933
1861
1832
2068
1140
381
3055
134
939
1604
254
1353
2464
807
776
2736
337
1387
1715
1407
289
1596
725
105
3135
1714
1775
1864
1590
2649
274
1913
716
117
2792
986
3118
2140
2409
2996
2942
2989
2280
2698
158
2090
2332
1306
1965
2675
2920
3118
2829
3055
28
1519
2404
782
176
2039
1308
2697
1337
1260
533
1870
272
2279
2774
3211
3167
2872
115
2260
419
931
1499
2543
3137
262
1401
236
2408
1281
3118
300
2508
2933
2269
155
3086
2846
414
3023
2560
2888
2252
1892
2928
1746
537
1998
1545
727
1627
835
2869
2413
2906
2762
3075
1736
518
2248
2031
388
1524
1023
2257
71
318
1100
2101
1870
2480
2998
2170
71
452
119
2207
3154
3092
3028
2608
2803
3172
3212
2058
1718
2767
3095
1400
1229
365
214
3233
884
2711
2225
1283
2488
2128
2277
823
1032
3324
486
1380
2920
3021
857
278
278
2281
1074
920
162
2762
2848
398
779
1650
1020
3134
581
1302
2370
1353
793
1717
2204
970
1503
2895
1029
3142
622
2441
1559
2065
2926
1381
1064
441
3117
2334
2057
282
3196
179
1442
619
3235
223
537
1080
3005
3104
883
2336
2521
1103
2210
1891
1641
335
864
732
390
463
2092
1698
2574
572
2326
2646
131
1495
400
1913
800
2689
712
2870
2265
747
1567
488
2060
2080
2777
1567
507
3075
522
2163
2676
1100
1016
1792
2932
862
1929
115
1245
1559
3242
1318
1837
2964
2528
2265
2868
719
1983
3007
3168
1587
483
1445
851
2981
1296
1702
1113
2662
1995
2410
2276
3102
511
832
1578
1582
1600
1290
1730
1708
3190
2374
1763
699
1313
1753
790
1723
1675
584
2065
2153
3260
1587
966
1305
464
1721
280
1366
1256
620
1446
2726
2898
577
1320
3165
2769
1887
1112
319
2764
2940
821
1652
683
1329
2481
1539
332
1393
531
3045
1405
2314
3040
1415
1216
2091
317
1835
1329
3209
958
1019
726
924
2637
688
2194
2482
646
2396
475
1451
1869
1166
270
3152
1404
652
991
1798
1746
1244
505
1156
2586
1080
1032
2730
2962
1923
2322
2458
1509
1603
2703
2862
3257
1012
828
340
2090
3301
1544
3236
1466
1718
2701
451
2112
433
464
104
321
101
813
106
2268
681
2865
2038
1754
3228
357
2014
2687
952
1492
1771
2539
199
2860
1019
2281
367
3262
2771
422
2326
1844
512
3212
1959
140
1174
1288
2728
151
1195
1675
1730
7
1251
1065
1818
3015
3205
2870
87
1556
543
2374
1298
1875
692
2381
1039
3159
985
3163
1484
3322
1695
3005
3155
2566
1462
2410
922
1676
937
762
392
750
826
1252
287
168
3325
968
2976
2187
1259
2059
16
386
1788
2854
1490
1103
2761
207
1554
638
45
2012
447
1218
177
1070
2836
1354
2774
2249
1116
1925
3277
3072
802
2920
1993
2743
2801
1043
1316
2088
3115
2640
1529
279
3098
1786
815
1182
1202
2157
1254
3291
2868
2356
744
1913
2008
152
2219
1865
1108
162
398
1397
2758
406
3050
1186
2023
857
2134
693
139
804
663
527
484
1671
2769
180
647
1455
23
931
1139
1480
1023
946
1493
293
2608
210
330
565
2609
783
1273
2566
1451
3309
1730
2506
176
1020
2457
2581
3131
1867
481
3324
1836
2568
2171
978
778
2393
1419
841
2862
2935
1126
570
2217
2857
1336
3182
2168
2227
2709
3193
3277
1593
3145
5
1917
756
1079
43
2615
2162
2984
1181
2258
2620
1205
1500
2074
3118
2677
2685
1559
1497
1859
338
3215
3042
1076
1956
1946
677
1999
1783
9
1370
1068
1579
740
2567
660
1364
1606
597
2955
3248
188
795
1443
576
3168
612
510
1295
385
2632
2898
2123
178
1424
2684
2257
297
1424
3315
2308
1380
923
1564
1264
1954
374
1732
1031
2990
3114
602
2391
1062
1659
471
1683
3247
1921
3
1980
1825
474
2331
1937
2467
1001
1740
2628
1413
2722
1778
277
2641
2110
367
703
1474
2376
160
1748
3147
863
81
2599
596
3176
2162
3246
2358
767
1307
679
1129
281
2585
230
159
3045
1246
2
415
782
377
1353
3151
1850
1962
927
1094
855
2997
2704
2547
1800
1159
160
2471
2707
2126
228
2969
1156
1001
2290
715
2025
845
2768
749
728
2743
1740
1797
1399
888
362
3195
1617
258
664
2506
1241
491
2112
1126
982
120
407
2294
2987
3054
2772
2835
3260
103
2730
2509
94
1003
2116
26
2773
3099
596
2336
2503
14
3271
2673
2746
990
785
3010
2828
2539
1098
694
567
1181
566
2305
1956
1707
1700
655
2006
2920
635
488
1297
2276
2177
1361
92
26
861
2985
3276
3051
716
3234
2962
1313
3264
424
1935
1045
2324
772
1704
610
1432
1951
990
2653
2231
3051
2094
2454
1779
502
2795
55
724
117
3305
1715
2491
481
1631
2666
677
1312
912
2037
2907
3180
2681
1579
3303
845
335
963
358
1195
2334
596
1161
195
3248
343
3028
1737
16
884
790
2553
1320
2891
2493
3160
1832
2447
1155
1925
1084
294
373
2261
2265
582
2187
2532
1555
752
2607
515
2104
2480
653
1911
1690
1379
