1402
1783
769
1037
2996
233
1622
155
871
2415
348
102
2615
2888
2210
1420
2935
1876
488
2575
2308
1299
923
1546
3079
1013
1795
2701
2684
1852
1375
3006
2019
1670
802
3218
1411
1158
2116
477
648
1246
1023
2994
1421
989
352
2025
686
2403
2301
629
60
3023
2525
488
2060
1806
1417
1988
1851
910
1403
1788
73
563
1036
1861
1432
2301
1013
280
2212
1739
2342
348
348
113
1668
436
773
459
632
2346
1670
2718
2077
913
2116
3161
1649
971
182
1321
582
39
182
1851
769
113
3301
50
467
1527
2914
2538
14
2475
1771
1009
1009
1806
2455
2135
2379
575
770
2464
936
1969
793
2272
1544
1350
2343
582
932
2726
70
3231
2950
3285
1795
3048
841
2730
45
1009
3099
3089
3199
1468
1762
2346
2905
2746
2105
1690
1181
1795
578
2074
3238
2109
3031
2593
2701
2604
2455
1649
769
712
2680
1228
1772
3031
1159
461
2074
1161
2212
2272
2219
82
1644
720
504
2092
25
165
2724
793
788
2342
381
155
1432
1551
2686
1244
2471
222
3166
96
2857
1077
213
563
3209
1755
1421
3089
2037
1350
2436
2346
2781
135
828
1795
1894
225
1753
642
2762
185
1173
1228
3118
2187
2091
1774
73
1875
79
2442
1099
164
1977
3062
2413
33
1089
2479
2730
3166
359
1649
392
2857
2131
2248
2807
3328
932
273
2720
2672
1755
1427
2423
2735
317
2343
2644
1527
3195
1402
39
650
324
332
2221
266
2239
2227
1173
2475
3079
3047
147
1608
3166
766
588
1810
858
135
306
423
1739
1670
1406
841
2726
913
2701
617
1954
1420
913
1861
923
3268
218
2471
2037
331
1081
2274
1234
2131
769
2996
1406
1228
1572
82
2227
2214
351
1913
2415
2424
1120
2475
1675
1988
98
597
936
2775
1089
2966
2408
403
1355
1517
155
600
2423
3008
2935
1851
2346
791
222
1772
1411
598
1417
1242
1258
3199
1111
3062
2221
2499
988
1375
3199
2644
2494
2852
1609
266
949
2994
149
1513
1120
3062
3146
2074
2891
2344
642
3027
110
92
983
856
910
2684
642
352
2222
19
2305
182
1609
567
477
2781
1145
1234
225
185
2602
488
1618
202
1067
1290
461
1246
567
2663
2671
270
2
2123
2135
2966
102
2436
359
1526
770
306
1988
1753
1668
436
1158
2221
302
2317
2966
2726
947
877
79
841
504
96
201
1432
1572
1143
1290
2680
19
1806
457
2063
2724
1379
1534
1173
2019
2686
2455
1368
273
912
2429
1009
33
1258
1992
1159
2222
642
1517
1171
988
2124
1023
1534
869
617
1264
1325
266
302
2724
2572
2
588
1922
2210
1402
1739
1670
2102
3118
2105
2390
1244
403
3231
2436
202
1791
98
1922
3048
273
1988
1644
947
348
2914
299
2726
3268
1493
1120
578
1969
1321
2342
2775
1517
1622
2483
2415
2403
2513
351
1965
2124
149
563
1955
2423
2413
387
1952
802
504
0
2867
1922
331
2604
2413
2455
1102
1032
1965
2408
2214
351
2479
1551
225
1258
2394
488
3047
1614
1406
1534
266
2219
2905
1116
3027
19
2187
3328
359
352
1156
930
738
1830
1534
2552
2781
242
1913
2077
2513
2390
1325
1032
3285
306
2950
3048
2479
3199
947
403
2105
22
359
1421
720
324
1739
2033
3047
1861
932
2239
2001
531
617
856
2547
856
70
2305
0
3209
11
1120
2572
324
2124
1546
2210
1455
2468
2724
302
815
244
1995
2278
351
2344
201
2898
1181
1171
3089
392
317
3328
164
227
476
2455
766
1609
2538
828
2455
2644
987
2852
70
686
147
858
882
21
2033
1830
1513
2271
2248
617
2156
2672
1819
2308
1618
242
674
477
2356
2455
3089
2413
2229
1299
1040
2001
352
242
79
2701
1526
845
1081
674
2602
1861
2241
1791
3189
598
2298
70
788
149
858
2194
2963
25
227
3218
2415
352
1411
1009
2343
877
2257
25
1102
2455
1379
348
2060
1783
2762
11
2463
488
1881
2009
910
712
563
1156
819
1246
525
1321
3231
317
352
2190
164
704
3046
1572
2001
2248
96
409
1084
747
1341
1077
14
2905
2663
658
270
2194
3089
3031
2708
1443
3189
1969
2429
923
930
113
2102
812
488
3008
2102
2781
1421
510
1534
2156
403
2615
3273
632
2156
92
1952
19
11
50
721
1112
802
1432
2190
1752
2609
2867
50
721
409
1752
1161
1171
1806
2265
2615
3318
0
302
2219
2131
233
110
351
164
1513
1206
1288
2615
686
791
1977
1411
2808
704
2720
2852
392
467
2060
2092
949
2867
525
971
2720
1954
1649
510
70
704
531
1795
119
1013
603
98
2789
164
1350
3220
2102
1675
2092
752
2442
3285
3199
11
2272
674
2379
1735
720
1690
2025
588
11
869
3231
225
1244
773
2503
1591
1305
858
299
1852
2789
2663
1099
2271
488
2308
82
2271
522
2265
815
504
1853
949
2963
1402
793
3062
1402
96
2265
674
1077
2620
129
1427
50
1830
1752
1746
617
2552
1258
1891
280
2701
2671
332
2575
2726
280
82
913
2736
233
1417
2633
2634
871
2463
1355
182
2914
1325
1853
2212
2898
1952
1321
1954
1421
2308
819
1774
25
2730
2633
971
1299
2350
3189
1084
488
3115
2308
185
3238
2775
626
1206
387
2767
721
2415
1913
2424
1520
2343
793
1608
2695
1053
791
147
2965
2538
1618
467
2092
1928
2329
1670
2732
2644
2423
632
301
392
949
476
2
3285
2016
1288
2547
60
1234
720
1719
2227
2575
1000
2598
2891
2212
2708
1244
566
1016
2423
19
989
1159
2767
3220
1078
1258
525
2775
1667
1081
2609
2950
2513
632
2308
1143
2227
1145
2852
244
19
19
299
828
2808
3273
165
222
588
1614
2219
1493
2009
1375
244
1089
2463
987
301
227
581
2943
1078
70
0
2888
2227
3189
3261
871
3268
423
1368
1355
2335
1762
642
270
1977
165
2214
324
674
2732
1706
1752
1365
1403
2423
164
1228
3146
3285
1810
2718
1264
281
2248
477
575
2329
411
1512
989
658
1609
1411
79
2475
1995
723
828
1513
2443
2274
1771
1513
301
738
1158
3318
2720
1493
1841
1675
45
201
1752
1084
2898
2775
1922
1830
233
2475
2455
2593
2994
1102
1402
575
233
1806
913
2503
3046
73
135
648
510
1969
2346
2413
19
988
2852
21
2343
280
1614
721
1234
819
266
2379
531
2735
2475
648
1546
1572
1077
381
2190
1591
2436
1819
815
1795
766
2672
3218
3031
2483
2695
3285
2350
21
1053
2278
45
1534
1965
2424
1667
1670
443
1468
1116
2271
1411
2661
218
2408
3218
213
2634
2187
1788
629
720
1037
766
1544
2248
658
2789
1040
96
791
3089
812
2762
2602
3047
504
525
2221
1851
1016
531
1772
3273
1112
2994
3220
1099
1288
738
1670
2308
2746
1881
1992
1735
770
1735
1264
1000
2994
2934
2190
1417
2274
2063
600
2413
244
1513
1078
332
1403
2105
266
2298
1810
2648
2602
791
135
3318
983
2808
1644
1242
1089
352
3027
119
1050
2308
2423
2455
2994
2724
1861
582
409
2718
1667
1954
2207
882
2943
2091
1771
1016
2672
2350
225
3161
2898
1493
845
2746
461
1551
1861
436
33
531
2102
244
25
3199
2966
1746
677
2274
14
2867
113
1145
989
11
2695
567
2966
1116
720
800
1016
3195
2548
747
306
828
225
2124
597
3023
1099
1432
2096
1355
1403
3089
3162
351
2615
227
1791
693
1228
864
510
1753
2394
2219
770
800
567
1534
1258
359
2898
1513
988
2732
674
1288
409
351
1321
3023
1120
1520
2548
19
423
3301
2720
2074
1690
1876
2672
2663
2105
1830
1078
949
2934
119
2442
387
2429
2475
910
2720
2190
1928
2278
2413
2116
752
1116
788
14
22
331
2274
1009
1675
1954
3046
650
11
1379
2525
348
3118
2429
301
2684
1928
674
3048
2025
603
1534
3268
2994
800
2221
686
2494
2736
2305
423
3261
1913
769
617
2001
60
33
2730
280
2735
2938
1379
301
1853
581
1443
98
1089
2680
149
488
3261
2207
98
2888
1468
185
1228
1618
1551
1841
858
3146
1258
2241
1244
858
1420
522
1133
2943
1084
2827
2424
738
1046
213
18
1965
1443
2736
2680
1875
1988
802
3189
2857
2109
21
1572
2317
1181
2413
73
1023
1690
2109
477
3161
2905
989
3238
213
1050
2671
930
2593
1173
411
2016
869
504
912
2131
2207
317
2156
1171
73
457
3301
802
3166
769
2342
1341
802
1668
1913
2308
575
2762
2468
3161
2663
1053
2463
864
2994
1468
1609
1667
222
1852
1791
1894
2390
2074
3006
2746
2187
1403
488
98
225
2471
2499
1703
2241
767
1752
2762
119
1379
1417
1591
2239
266
567
563
632
773
2265
2278
1875
50
1116
218
79
2344
1173
1403
2210
19
1264
60
1735
1299
1406
1112
566
1988
2934
1244
1077
281
2096
1830
2063
2468
2644
1847
1922
2096
2786
1427
2123
1753
1244
18
98
629
1668
1417
3162
3218
1152
92
2972
2424
1246
2538
2499
324
2483
60
2257
2857
1099
301
566
2329
2109
1668
2575
2527
2479
2135
1774
1417
2781
2298
3008
531
2403
3115
910
3218
1177
930
2343
1368
1841
693
2736
387
712
2212
1881
802
1746
1040
3301
3301
0
648
2105
693
629
299
567
2634
1037
1112
1246
18
1290
1703
213
1841
712
1995
3062
3006
1009
1365
588
3089
266
2527
3318
459
1032
1894
1739
2905
648
923
2403
281
2298
411
2356
2329
185
222
504
1774
1755
1675
273
1783
2019
2305
2994
3285
2257
650
1841
18
1513
457
2552
476
2317
1847
1928
721
3238
987
2274
2513
213
2390
2789
3099
3046
457
1375
869
1988
2187
1305
2335
1177
3162
2356
119
752
25
2061
1977
1762
2016
98
1703
2789
3268
1774
2329
2227
677
1534
1913
674
147
1145
582
2852
306
3238
1299
2207
1788
1649
3062
2468
3195
1081
82
1081
98
2305
2648
1161
769
1403
1526
2016
1608
2061
2934
2914
1443
2272
567
2867
2123
306
2786
910
2219
2037
73
1755
2464
3008
488
222
2278
650
2413
202
793
912
1037
983
2527
2229
1000
2221
1526
2394
2775
306
1852
650
2695
1762
102
686
2394
1242
1246
1591
2572
459
1242
387
2413
1853
686
1032
1365
19
1774
2775
983
856
1703
2593
2156
1992
11
1841
2408
165
2190
39
113
2222
1053
3118
1512
2808
1670
3328
747
19
1952
1735
947
1133
2963
1735
2808
3146
3046
674
3008
2227
1881
1875
3261
575
2503
1739
2443
856
1290
2475
3146
1762
3118
1534
0
869
1955
2762
2037
1325
3031
2604
2938
2786
1788
1513
952
1084
2109
1288
14
987
2598
2272
1922
3046
2091
110
242
1762
1053
932
1876
1703
1288
2308
912
912
2767
1622
2019
1544
2305
1922
1120
2305
2
1432
936
1133
923
3189
3189
738
1591
2475
21
2096
864
1706
793
2648
79
332
119
1608
2350
1513
1321
2499
1995
1795
155
802
1411
912
1152
2935
2194
1177
626
2033
2724
2905
2950
1517
1040
1771
488
2077
423
738
1365
2503
2413
1417
155
1719
845
2265
2413
317
302
39
149
987
1851
1133
987
3079
2538
1206
19
1037
2131
738
1046
1246
2781
2156
2762
1520
2415
1411
2443
2379
331
273
2547
815
2479
802
2346
1988
2344
3118
3268
932
1670
2671
1847
766
1417
1420
812
110
1947
1527
1995
912
1875
1551
2317
1016
1667
1325
2972
403
913
1156
1572
2207
581
2762
2210
2914
504
566
1321
845
1365
2538
2239
877
2413
2442
155
70
2996
2187
1171
302
149
477
2390
2356
2207
2648
1040
2116
2965
1788
1546
1305
1009
2736
2996
1411
1000
301
1668
98
1513
79
1411
3162
752
642
877
567
947
2615
871
113
2135
1406
2572
2479
2219
1690
2663
79
2342
983
1427
135
1755
3031
477
1420
403
1111
1772
769
476
459
443
1771
164
50
2527
856
129
704
1493
629
1891
828
2953
2575
2335
841
815
1417
227
2634
1852
2686
2464
11
525
3146
1493
411
1534
102
70
871
1368
989
1116
2867
2096
2525
2609
1368
2443
2718
1016
3079
3189
578
3079
723
1156
1120
2455
1881
2680
2538
1321
1084
3099
2019
3328
738
2105
1078
2943
387
2684
1526
930
597
3161
626
769
392
488
1116
936
1089
2807
98
566
2934
1618
2061
2356
2061
2718
98
2429
723
1546
1526
98
504
1739
3062
2914
2037
2475
2746
155
2239
2403
704
723
92
2965
598
2335
1622
2248
2308
1321
273
129
1928
3089
1325
693
1158
767
1152
626
1876
3047
359
674
2735
1783
2424
693
2091
1847
2257
2194
1819
677
270
2135
1288
882
2680
436
2060
82
301
2953
2935
331
2867
971
2527
1755
222
1161
1527
2342
2471
1077
1067
1368
1177
2513
2271
2547
1432
1670
1753
2943
18
3089
2063
522
3115
2001
2898
2105
2644
871
2499
443
45
989
2708
2789
2344
2131
2661
2701
3268
1520
600
1000
96
2609
1644
1947
1036
2494
2857
1614
910
828
2661
738
1512
2194
819
2272
567
720
2953
788
603
281
2413
165
1089
1102
306
1321
2644
1427
1913
392
1365
3238
1969
2105
3231
2686
436
1675
1774
2720
79
2730
578
164
2620
3027
2092
266
2684
33
1861
2483
1551
1264
1952
1341
2953
2935
1111
2475
2207
2274
2109
1853
2413
2257
1668
1670
2102
1534
1078
1572
1206
1806
3046
1830
488
2950
1350
791
2219
1016
2063
331
800
1719
2105
2436
2001
1891
39
1417
2807
2123
3079
2219
3209
1992
1046
2684
60
1706
1551
1614
147
597
2891
2604
1036
947
222
155
1947
2123
1305
2789
2335
423
788
2965
1955
2214
1355
2463
165
79
1534
2187
629
1143
952
1753
2726
1468
1791
2552
2938
2762
98
2408
457
2468
1013
648
3209
2413
213
266
1158
1520
677
1947
1810
3318
2335
952
2241
185
882
1922
2552
2934
1046
2424
1000
2415
815
1891
2735
989
2061
3195
582
2527
1443
1037
2194
2037
98
2060
815
1133
50
877
2074
2123
2063
2938
812
1355
923
2786
2464
766
1206
629
2663
2663
2077
2116
2767
113
244
299
910
1913
971
1783
1517
1618
2116
677
2468
632
2009
2786
1752
2105
983
767
2037
1853
1851
233
1156
581
1875
201
2735
79
2634
2661
952
242
1037
302
1171
1111
3218
567
650
3166
841
2092
1608
1512
802
1988
2575
2298
3161
1228
1234
3115
650
1411
14
1513
1152
2091
1023
1719
1161
2329
1242
1783
2329
2443
677
2852
1675
3079
2503
1355
2767
2724
2494
504
3195
2413
2379
598
2239
1875
2548
752
2214
1875
2096
720
567
1622
2464
1355
1177
2350
2475
1341
1965
1375
201
2077
2124
3268
947
1152
3046
411
1152
588
1810
3089
3089
3146
769
1706
1177
1368
720
1321
2342
788
2604
2708
201
266
603
720
566
476
2786
773
233
2475
2572
98
3118
2298
2342
1040
1053
1152
102
2356
845
1735
747
129
1783
1977
2938
1572
3023
2786
1427
819
2686
819
273
1954
1411
1242
1772
2135
2762
25
1420
936
578
3027
102
2807
324
1181
971
332
1053
882
3027
19
2413
2735
531
1427
443
1133
227
96
381
747
281
1771
409
1013
674
1922
1341
504
2317
1852
3099
2898
2124
60
2963
2994
877
1526
3079
2552
461
1551
1099
856
1341
2620
2091
923
2708
11
983
1608
767
930
3318
1305
2671
658
802
2408
1922
3006
3273
98
2033
869
242
1922
1112
2781
2436
2503
770
331
738
11
3273
2672
791
1050
1290
1325
2219
270
812
600
841
1667
185
1032
987
632
1922
2966
1819
2767
244
2994
800
2905
1853
18
2827
1084
45
457
2464
2379
2229
2593
1622
1614
2308
129
923
2718
2686
1670
317
2219
392
738
2131
14
510
149
324
2156
2604
2109
1040
2105
110
98
693
2471
476
566
1512
720
626
2455
2789
1772
22
1517
2615
1675
2413
1527
1534
461
2123
2867
2888
135
2475
1534
182
1746
2271
952
1992
2
2572
2308
2963
2781
1690
0
1894
2222
1955
3115
1078
648
2609
949
2680
2077
2663
2575
2025
1421
578
3238
1411
3048
2786
1206
674
2060
98
2598
2105
2648
793
1513
3328
3195
2547
3008
110
149
92
2934
2730
96
2344
2994
3006
1455
712
3162
302
1321
331
1847
600
3273
769
2479
1851
1341
2105
815
2724
467
3079
119
22
1206
1513
597
3047
936
411
96
877
1111
2061
2265
1321
1520
2762
2429
2972
800
1667
331
720
332
1988
1411
73
2301
457
575
650
2329
1264
2346
3089
2671
2695
1116
2190
1752
1746
1891
1181
2
1156
3195
2503
110
2943
147
1050
2301
2317
3023
2963
1050
2061
1040
2620
2229
2525
988
2726
222
2301
2077
522
567
2718
1089
3046
1719
2156
1102
266
567
1876
270
1242
1735
21
1791
1133
1350
201
2671
2598
1955
1159
1667
98
563
1406
2227
2298
642
2965
2210
2953
2963
3046
1158
2525
932
266
1591
459
3115
1050
461
1145
2479
712
971
2265
2663
2463
2278
1493
1228
877
3027
2602
2525
411
1591
2483
720
2633
1145
1988
2123
1143
1969
658
1690
2615
1258
525
2938
2308
2105
1455
1772
1111
1608
1402
2598
2212
2061
767
1161
2762
788
1992
2994
488
218
2552
2455
331
581
1023
3079
2708
1876
2950
2394
409
693
2265
1143
1143
1443
1305
2494
227
812
3199
648
1952
1206
11
1852
2091
2996
693
1046
2994
767
403
2343
233
2471
617
2436
642
1177
3301
96
1644
522
773
2602
2190
2972
770
348
2914
1159
686
2271
828
2298
2996
2732
1772
3099
1894
936
1988
96
1081
79
2124
3166
2808
2888
936
3079
2767
2248
2663
273
971
3023
988
686
2222
96
443
932
1067
2009
3209
522
280
22
270
582
2996
947
2063
598
1432
598
1670
331
477
2965
522
182
3261
60
2891
2891
1468
1649
677
1995
202
1706
3231
381
3218
2547
2701
1081
33
2257
1922
2009
575
2620
98
2016
317
2888
3220
2695
1520
3046
2403
165
1988
218
359
436
626
299
2483
1534
578
2547
3048
1806
2025
1379
1649
2634
769
1609
270
1417
18
2935
1746
1234
387
2074
3023
3301
563
1670
2001
983
1181
949
845
1719
882
2548
1881
2857
1947
2634
147
2730
1133
1161
82
720
39
2972
218
603
2
2548
1614
1988
11
1417
2301
281
2221
3328
738
218
952
222
1520
1046
1527
92
2708
3046
563
2390
2272
242
2604
1706
3199
1102
1305
1819
1512
39
600
1947
459
626
2187
3162
504
2219
752
2661
1102
1894
1544
2633
1016
2019
2424
1876
98
3209
2953
913
2905
82
658
1788
1614
2735
588
201
1988
2390
2525
2663
1023
2575
436
2943
2394
1468
2102
3146
2219
2116
721
1847
182
1246
1036
2344
3220
266
2609
747
3079
2350
864
1546
1078
1156
3261
2996
3161
864
2219
767
1703
723
33
2807
2938
1894
2222
802
222
3318
2468
2001
1036
423
988
2379
185
522
488
45
1618
1171
1546
1947
2953
1067
2301
2343
2033
3209
2475
202
2620
2194
110
2598
96
632
1379
704
2934
600
457
1288
2219
1375
2499
2807
617
819
1771
1173
2684
2720
331
1000
2953
3231
2663
864
1032
2898
581
2308
3031
1455
930
299
2827
2096
913
3099
2009
1341
2346
3318
1719
227
3166
2278
135
96
2525
2471
45
882
600
1922
566
1894
266
704
2888
1067
2443
841
50
467
2222
381
766
3089
2965
1952
2736
1402
1325
2464
22
96
3079
2037
1177
1546
2096
2019
2663
3099
1067
1455
1067
3195
2701
21
1023
2648
242
721
1609
1013
2274
1955
1841
1783
930
2408
1644
2455
461
674
2092
2963
2762
1067
2914
165
588
1379
1036
2935
2379
2965
2335
1365
1753
1143
2499
3220
2633
597
2207
2077
819
0
2415
2857
1852
436
1992
3048
3089
2732
1081
2671
766
1050
1455
1046
802
871
2972
597
2239
1417
467
2767
39
2091
266
2221
2092
1649
2222
79
1173
2301
1755
2994
2609
2891
331
1305
1321
3046
332
25
403
2429
1517
2413
3047
2109
525
2475
677
2593
1955
2661
3118
79
1000
1762
1032
3062
1244
2257
525
2394
3006
773
2661
2214
476
3220
2278
812
2423
1173
1847
1159
2413
2317
2403
597
1181
704
1755
2429
2634
712
2443
1891
1853
381
2060
2736
504
73
2483
504
658
2229
1112
3231
2695
864
812
3046
2356
2972
858
3285
1513
952
443
3115
864
19
581
841
3166
793
802
1234
2762
2210
21
1159
598
1622
2762
2938
1771
2633
723
1145
2219
1375
2463
2499
1995
2442
1644
575
1050
770
1077
2547
348
769
1795
2513
1622
2746
202
1851
1290
1350
3328
1988
2552
1368
2935
1158
2025
802
2513
280
2730
1969
1420
213
351
1928
3031
2239
2241
769
467
2950
3023
1036
1077
33
1881
1788
1719
2648
1406
1084
3006
1891
281
1299
1544
2648
2308
218
2443
459
1703
1977
988
1891
2644
869
1806
1181
1881
1290
3048
531
2344
1706
1512
2135
2194
1350
738
2891
1753
578
1099
1455
2513
2943
129
738
92
1290
2762
1112
1299
409
882
3008
1375
476
800
2827
3162
3301
788
299
2131
769
2572
987
3079
856
331
11
1965
2403
359
1443
2350
1928
598
1955
2464
381
2494
1526
2356
2503
2212
2033
1810
1417
1947
770
1046
738
567
1819
2105
2248
96
2548
773
752
2808
1156
1493
1036
773
281
98
1995
1234
1264
2009
11
2672
674
1099
3047
2135
467
1512
2620
2604
2394
2455
2413
1023
932
2827
1954
1774
1922
147
409
2827
102
1102
1608
2994
2602
2229
3008
2732
3046
1746
92
1417
1706
2442
2317
2966
18
869
582
2807
222
2746
723
202
2016
1670
1143
3027
3261
1977
3238
3006
1411
3115
3079
2124
2212
1159
800
22
1954
2016
1111
14
1609
1513
1762
2116
2827
98
102
459
2746
2442
1969
1819
2807
1427
2680
1876
2305
3209
1977
2257
119
182
1544
3273
2241
129
2732
1544
2033
504
747
949
1788
2538
1111
1468
720
2718
1443
1013
1421
626
423
845
2633
2413
2009
2736
324
1965
871
510
1922
712
1670
2063
2016
2775
1420
2808
1411
225
1120
2726
3261
1406
845
2033
2494
629
1841
331
721
2891
1264
1810
2602
2271
222
1644
2229
202
387
2708
2074
2335
2972
79
443
2686
603
2229
113
567
1365
738
1847
2827
2686
2272
674
1299
747
19
2241
3162
1455
135
1791
3099
2609
443
22
11
1403
2684
1690
1517
582
2483
1618
1668
2019
332
2494
2025
2214
3220
1421
2598
381
2888
1591
2572
331
1992
45
2390
1819
1746
352
1830
720
1158
3161
2214
567
2672
603
392
411
3079
222
2857
1242
2455
244
2210
2468
1965
912
1703
1145
2408
2663
1350
2732
802
769
2442
2548
1810
222
1053
2598
2025
581
461
2695
1152
1527
1161
2663
3089
2350
723
2852
1861
2060
1739
1527
603
317
2593
2463
504
1791
2436
1032
767
510
1928
2966
1321
2661
3046
658
2620
280
3273
1321
2593
2548
2241
79
2102
510
129
1037
752
222
2950
1112
952
1171
791
2
2471
1952
674
2527
858
1013
2527
2633
2413
1544
