836
39
1174
193
467
503
753
1975
1363
870
1029
1604
2587
1103
2870
2085
584
3029
949
1736
1807
2646
1370
1512
2764
1574
2570
2573
2006
2491
2055
149
1607
771
3035
3025
314
2153
2409
1281
854
322
2313
135
648
1313
1499
504
1874
361
190
1737
729
2375
3171
2320
2141
2870
2766
1259
1991
2962
90
2843
950
98
1299
2866
1187
1327
1194
2786
2531
1991
2253
1921
1027
3326
400
1049
1904
682
1072
772
56
2037
50
2473
614
2170
907
1833
151
2565
256
2483
2338
2348
158
1861
2809
2012
25
2816
834
374
90
3247
58
1568
2686
1039
2662
579
2447
2880
344
1821
2103
2250
683
783
2524
3093
2582
3219
2340
2982
168
3058
107
1857
2933
2595
1773
2771
3047
3053
2521
2512
1132
2454
3253
738
1921
1377
1491
1874
1023
1619
712
1492
1657
1579
335
168
152
221
1138
1736
3210
786
743
2664
655
2686
3228
196
3178
272
1409
213
426
2264
364
2551
193
1156
290
2606
174
2242
108
1723
2616
1200
136
111
1873
2859
3300
970
1027
2009
1435
1463
302
829
2787
1507
661
846
860
2092
2379
211
2440
347
1907
1096
3328
2360
2521
1354
2765
456
1594
3299
1356
2832
1265
196
1398
3146
2424
2754
1385
2077
819
478
1564
782
392
810
2153
2028
122
451
2320
2979
36
568
2939
457
2384
533
64
1669
1420
2719
2845
716
129
400
1903
1219
