2872
985
1643
1306
2055
958
2928
1392
2960
124
1443
472
3023
583
1284
2754
2841
2759
1303
1438
257
1641
2995
622
2144
2824
2460
1353
792
1292
209
1564
1892
365
3188
989
932
2620
1552
2958
1459
55
3006
97
2057
2271
2671
2875
1830
915
3079
2570
1673
3174
3154
492
2562
737
195
3031
1263
1409
882
710
1047
2599
588
1978
2736
1398
431
2105
219
2707
36
492
1828
2432
1651
567
304
2316
1643
2449
1197
1057
46
170
943
1820
1080
1992
746
1541
3101
69
726
3222
2508
906
2314
3128
1339
2727
2061
2424
2395
132
2822
2548
1316
2744
827
686
1518
2219
2712
144
1858
2719
742
1629
115
1745
3000
609
11
2718
3068
392
332
1790
2915
2094
902
1088
3186
1947
1931
2780
2165
514
2676
1496
1086
3163
3024
3080
847
2525
1761
928
2200
860
1743
120
3005
2936
1328
2174
669
1546
1095
2937
1214
1929
2933
1005
3067
352
2423
2180
1085
1494
294
1909
2210
2137
1331
1319
3291
2149
2080
539
3248
773
2657
1204
2779
1568
1289
351
3289
2400
361
576
2229
32
909
2876
766
499
2639
1697
3198
303
1634
95
2049
2473
606
91
420
2190
2815
1107
260
835
2653
1164
2825
1511
929
2475
1525
3101
3191
2066
3293
3183
2627
966
3072
2711
1356
3091
2642
3226
2937
1102
3120
2700
1435
565
2284
72
2688
650
1264
1625
1493
1495
2720
598
2704
1244
