66
3008
1886
2967
2124
2036
302
2066
2684
2690
344
962
1307
1919
1108
2685
1507
990
2301
1573
1049
882
2465
977
3203
651
1456
1827
728
2442
2289
2337
1308
1059
585
578
2144
1752
1853
2807
649
1196
2835
2353
83
2192
819
2701
950
327
568
472
1556
779
353
2112
1487
297
1905
1693
2134
578
2638
1676
2841
2496
2201
2815
2820
3133
2862
2211
90
77
1583
2588
2212
1264
2383
735
1432
2204
2278
1777
1121
2106
1294
2731
1509
1591
362
1029
1700
1322
2919
3235
2171
682
3221
3147
686
579
2975
2504
1976
913
2762
428
172
2148
3048
1661
1622
1358
2066
3017
1927
1567
1730
1912
607
681
2111
1812
941
365
489
2386
2351
1498
2299
1064
3128
2337
2099
1832
877
1119
2863
75
2621
844
2000
3322
1932
2499
1780
406
360
2231
2474
3269
1948
599
1855
2770
695
789
3005
1378
3002
216
1768
1563
1131
804
377
1656
2504
503
849
1693
984
1817
549
1109
111
2770
81
18
2815
2800
2071
2033
1144
2901
1720
1089
1206
3039
3091
11
1302
2016
1365
1126
1704
1786
522
103
617
1729
1755
1084
348
2786
968
1867
3211
2275
3088
269
3250
211
382
562
789
3154
2181
1724
2158
76
2833
2968
423
2501
1033
2383
1008
2814
2477
2640
640
1660
3233
1827
396
1388
2168
1349
2597
352
3055
878
3305
2502
3121
3179
1895
434
1227
1630
1806
1436
1041
3235
